0.764845
0.642268
0.153261
0.209208
0.541774
0.999176
0.643010
0.296672
0.997942
0.997245
0.167974
0.972036
0.299618
0.914077
0.764054
0.767764
0.778571
0.543719
0.850253
0.577391
0.426972
0.725794
0.195760
0.380360
0.929868
0.552455
0.500000
0.058343
0.046006
0.749391
0.421053
0.473767
0.418686
0.544898
0.923077
0.674144
0.580477
0.973862
0.288059
0.223618
0.890694
0.999850
0.476816
0.000011
0.855949
0.387763
0.775531
0.094335
0.944394
0.130821
0.214587
0.238094
0.871435
0.863831
0.730678
0.597196
0.996286
0.631785
0.283054
0.405405
0.182694
0.371906
0.405405
0.159293
0.500000
0.161607
0.953957
0.933816
0.525449
0.793526
0.963803
0.475363
0.550590
0.995578
0.814174
0.889648
0.456937
0.303077
0.506496
0.913928
0.763970
0.999994
0.181825
0.860909
0.060415
0.153392
0.928255
0.066531
0.165833
0.197243
0.964314
0.071139
0.273684
0.576551
0.090909
0.390466
0.829028
0.053755
0.930238
0.473767
0.303265
0.921400
0.389884
0.000579
0.473767
0.525947
0.021727
0.375000
0.944763
0.702243
0.998243
0.639512
0.450941
0.171127
0.933799
0.999733
0.469579
0.131926
0.342973
0.995749
0.299451
0.417514
0.704650
0.284460
0.822489
0.827088
0.655463
0.999999
0.545455
0.716306
0.250062
0.039709
0.001524
0.629922
0.882095
0.834930
0.639831
0.868421
0.500000
0.991179
0.817748
0.978582
0.927870
0.062500
1.000000
0.232287
0.985980
0.833333
0.248344
0.797533
0.256840
0.748919
0.126402
0.070116
0.732659
0.618478
0.666825
0.151026
0.054638
0.984103
0.711219
0.522029
0.014283
0.117129
0.821909
0.906438
0.891995
0.313411
0.345455
0.000216
0.357508
0.526049
0.684289
0.385261
0.678821
0.288393
0.307290
0.801362
0.935269
0.019435
0.467647
0.971447
0.933651
0.322559
0.008738
0.001680
0.972095
0.704210
0.637949
0.436702
0.977039
0.994185
0.441751
0.400000
0.695949
0.966850
0.773010
0.529968
0.200629
0.324663
0.999438
0.981719
0.252101
0.091244
0.107012
0.295373
0.643818
0.938911
0.914791
0.821758
0.071412
0.922480
0.497039
0.238594
0.332285
0.985964
0.906768
0.447133
0.704965
0.051793
0.702166
0.229320
0.961059
0.233475
0.646059
0.403145
0.493067
0.012156
0.832908
0.928580
0.525992
0.620987
0.500000
0.782551
0.390682
0.672934
0.064925
0.582540
0.020358
0.519995
0.581453
0.425094
0.778031
0.520756
0.909854
0.633489
0.002762
0.637985
0.458679
0.968988
0.130802
0.891892
0.035302
0.996127
0.241589
0.849929
0.055159
0.942591
0.093598
0.522702
0.369391
0.380360
0.754337
0.900000
0.996533
0.759937
0.985396
0.108579
0.778385
0.574631
0.321937
0.058942
0.119711
0.724840
0.700555
0.548818
0.993497
0.540611
0.388802
0.998254
0.121220
0.973409
0.275626
0.474886
0.052698
0.500000
0.068025
0.187601
0.181380
0.983408
0.772797
0.473767
0.085686
0.062632
0.565419
0.630000
0.590832
0.296199
0.359503
0.999244
0.368600
0.932607
0.749157
0.090528
0.195294
0.144301
0.400878
0.985913
0.486355
0.302553
0.779440
0.003169
0.999993
0.600000
0.278621
0.028600
0.997259
0.386863
0.438440
0.500000
0.673092
0.064518
0.920393
0.999840
0.657178
0.113228
0.998740
0.911610
0.049232
0.519314
0.914077
0.534549
0.314042
0.859867
0.852345
0.927132
0.477008
0.947319
0.080442
0.764706
0.562327
0.500000
0.127164
0.204006
0.694290
0.012922
0.646679
0.002713
0.500000
0.752989
0.025467
0.955110
0.995276
0.124191
0.405291
0.708101
0.272726
0.953063
0.381935
0.994081
0.737352
0.096567
0.082578
0.238605
0.999522
0.047325
0.996306
0.731409
0.114277
0.827849
0.676511
0.012476
0.287660
0.380360
0.005904
0.304978
0.849198
0.347837
0.037294
0.450698
0.711387
0.708592
1.000000
0.232018
0.681344
0.147628
0.042289
0.500000
0.889983
0.171210
0.734629
0.177725
0.995260
0.895319
0.961177
0.500000
0.020305
0.159794
0.565748
0.784098
0.473767
0.312685
0.288140
0.539667
0.065314
0.908158
0.870044
0.998272
0.762601
0.905992
0.925863
0.777153
0.827276
0.113274
0.095303
0.252101
0.521478
0.044406
0.332888
0.990864
0.804403
0.838435
0.506842
0.071100
0.834118
0.500000
0.526233
0.608862
0.163172
0.309395
0.583912
0.421793
0.276310
0.951325
0.980060
0.142857
0.500000
0.007857
0.013954
0.472249
0.740031
0.743170
0.751758
0.750000
0.947077
0.607872
0.084611
0.479985
0.084775
0.500000
0.910757
0.998015
0.337446
0.750000
0.321081
0.987231
0.791123
0.695102
0.738626
0.908897
0.280140
0.796553
0.759937
0.915496
0.750382
0.500000
0.473767
0.668340
0.357418
0.999874
0.994598
0.584033
0.434767
0.927441
0.452033
0.382302
0.376583
0.042829
0.486875
0.500000
0.622954
0.753084
0.224261
0.956771
0.970438
0.995619
0.959975
0.973899
0.854974
0.705409
0.347784
0.647059
0.804571
0.343331
0.994724
0.006470
0.851661
0.636156
0.839866
0.499101
0.044955
0.731459
0.338491
0.379310
0.196988
0.079929
0.277907
0.568298
0.421951
0.477207
0.951697
0.842233
0.430580
0.754183
0.917106
0.999740
0.992638
0.429371
0.991273
0.155405
0.697012
0.700669
0.400000
0.153982
0.710269
0.573299
0.850975
0.064774
0.473767
0.451408
0.861160
0.856511
0.999037
0.500000
0.851854
0.161722
0.350360
0.961793
0.461538
0.483655
0.524727
0.810499
0.500000
0.976159
0.070381
0.261962
0.540338
0.353117
0.756895
0.038579
0.374130
0.430547
0.151906
0.361583
0.184308
0.925182
0.229556
0.364008
0.592455
0.745890
0.117049
1.000000
0.999916
0.999999
0.005329
0.968537
0.525424
1.000000
0.447678
0.737998
0.625794
0.023664
0.768960
0.005717
0.323836
0.176700
0.494963
0.642074
0.435121
0.351694
0.386314
0.855041
0.383901
0.844341
0.901967
0.646455
0.709409
0.001616
0.985788
0.000028
0.166820
0.996031
0.526233
0.491369
0.924497
0.998889
0.316416
0.103510
0.581869
0.720508
0.943945
0.310402
0.561976
0.882490
0.146874
0.962809
0.639794
0.001858
0.940386
0.834349
0.918973
0.930389
0.330157
0.975539
0.750000
0.230868
0.447678
0.535856
0.378073
0.004242
0.785402
0.056187
0.182628
0.261649
0.057369
0.422600
0.861076
0.906680
0.002583
0.829445
0.982271
0.954126
0.180252
0.910108
0.688191
0.015641
0.948160
0.444259
0.311058
0.589578
0.832424
0.798748
0.648824
0.999572
0.318504
0.852984
0.500000
0.867459
0.216830
0.183237
0.064728
0.288393
0.500000
0.576826
0.129783
0.500000
0.697036
0.291633
0.904452
0.756222
0.387571
0.976420
0.911045
0.291175
0.089282
0.905583
0.958440
0.782862
0.686440
0.302316
0.989372
0.073445
0.739762
0.191205
0.174315
0.998789
0.996897
0.501957
0.715089
0.872993
0.964556
0.058521
0.490674
0.884648
0.989813
0.393967
0.593406
0.337613
0.533296
0.999998
0.537382
0.502322
0.011655
0.011855
0.245298
0.967142
0.853713
0.998598
0.996701
0.843994
0.979230
0.829446
0.750000
0.050422
0.631548
0.227013
0.192019
0.017602
0.456985
0.777778
0.661092
0.953933
0.978437
0.011050
0.001031
0.175399
0.941120
0.138573
0.767731
0.243504
0.579764
0.985649
0.400845
0.750964
0.841639
0.728965
0.037548
0.299015
0.999871
0.729795
0.934253
0.946404
0.401558
0.500000
0.812520
0.999837
0.301948
0.420000
0.588256
0.997248
0.043009
0.045336
0.962315
0.655705
0.606106
0.829334
0.982816
0.979236
0.076173
0.392534
0.221476
0.046200
0.750000
0.688721
0.379712
0.954139
0.121055
0.466152
0.933959
0.618480
0.992513
0.298319
0.977480
0.384413
0.834719
0.702285
0.460175
0.787289
0.761288
0.628209
0.669980
0.500000
0.617911
0.184800
0.148092
0.994727
0.671717
0.940496
0.182602
0.230389
0.554794
0.145433
0.049559
0.981586
1.000000
0.069904
0.361254
0.005954
0.945094
0.941755
0.868299
0.632724
0.939137
0.599413
0.795972
0.880216
0.290311
0.985946
0.003943
0.469799
0.917858
0.500000
0.773825
0.232222
0.995628
0.951922
0.976169
0.999667
0.037866
0.794983
0.186964
0.980504
0.929918
0.972531
1.000000
0.996475
0.090909
0.578961
0.526233
0.075537
0.974919
0.198323
0.729481
0.538105
0.212217
0.999999
0.347576
0.954698
0.925464
0.037141
0.869176
0.676381
0.235297
0.350725
0.383587
0.227117
0.939011
0.252101
0.816063
0.341080
0.337512
0.400252
0.940444
0.270946
0.996783
0.162290
0.144775
0.505118
0.472958
0.240594
0.162963
0.484031
0.095805
0.812810
0.965834
0.923093
0.290323
0.616833
0.789167
0.881340
0.464362
0.384895
0.518512
0.102423
0.017108
0.090310
0.359550
0.380360
0.863053
0.248952
0.000013
0.913517
0.353086
0.417517
0.998979
0.452391
0.067560
0.880102
0.106231
0.671958
0.971783
0.249265
0.720627
0.998588
0.746850
0.954160
0.727435
0.818231
0.210333
0.333097
0.551452
0.560338
0.687500
0.825767
0.938091
0.000065
0.319985
0.998824
0.514775
0.300963
0.995873
0.904452
0.296907
0.260248
0.818231
0.994968
0.473119
0.137816
0.510713
0.999970
0.730686
0.952267
0.881342
0.399493
0.999865
0.902152
0.938004
0.273684
0.527085
0.500000
0.482191
0.999950
0.443336
0.023260
0.035049
0.101227
0.153593
0.990289
0.895837
0.473724
0.759097
0.009113
0.068915
0.261252
0.293801
0.881575
0.131706
0.254744
0.999985
0.642934
0.029467
0.740222
0.880701
0.474807
0.819683
0.633885
0.023922
0.980218
0.429872
0.886105
0.965421
0.324771
0.380360
0.318125
0.011049
0.028497
0.103283
0.948425
0.093340
0.013176
0.195652
0.983818
0.995993
0.421980
0.197770
0.000611
0.955056
0.672160
0.713836
0.815617
0.577459
0.970595
0.297558
0.173607
0.648572
0.034168
0.992877
0.800053
0.743785
0.619963
0.040919
0.514822
0.869911
0.645724
0.229390
0.999783
0.987215
0.446294
0.947076
0.668172
0.643010
0.446438
0.346578
0.946899
0.584970
0.028457
0.642280
1.000000
0.659434
0.997513
1.000000
0.369857
0.311448
0.281903
0.525113
0.728568
0.995089
0.977350
0.829917
0.928625
0.999227
0.384996
0.007468
0.999929
0.882195
0.313322
0.234983
0.844182
0.479094
0.074087
0.920540
0.989349
0.931127
0.059893
0.039314
0.144488
0.500000
0.956302
0.515152
0.906773
0.998120
0.005977
0.523433
0.702999
0.964529
0.745658
0.169064
0.493669
0.125598
0.996440
0.744843
0.691004
0.580266
0.863412
0.129050
0.701302
0.996536
0.010844
0.236842
0.246902
0.392534
0.913406
0.999999
0.999967
0.717106
0.755306
0.990867
0.336248
0.908680
0.124138
0.989402
0.870639
0.757514
0.539842
0.982330
0.670376
0.960911
0.423549
0.532748
0.109276
0.045897
0.956820
0.912515
0.685364
0.994780
0.890142
0.004931
0.254796
0.342853
0.751349
0.639981
0.386207
0.031152
0.089737
0.024085
0.366099
0.075114
0.135901
0.288393
0.959141
0.951061
0.981380
0.636364
0.142231
0.035355
0.197449
0.721456
0.855949
0.052838
0.386207
0.805970
0.003273
0.964095
0.132214
0.098570
0.037580
0.985212
0.446257
0.446257
0.623070
0.746845
0.419370
0.574161
0.905687
0.280112
0.734081
0.290323
0.018856
0.473767
0.533872
0.557686
0.399600
0.988800
0.927163
0.907213
0.578856
0.301612
0.439795
0.326134
0.314947
0.175483
0.999998
0.991017
0.359649
0.818231
0.932328
0.278645
0.726852
0.907687
0.009539
0.882161
0.478048
0.309056
0.967534
0.002383
0.160953
0.999511
0.957643
0.957998
0.944567
0.252101
0.982341
0.991143
0.578770
0.161216
0.386582
0.113985
0.933080
0.036780
0.354915
0.128106
0.912500
0.145670
0.683187
0.500000
0.735379
0.692746
0.462359
0.606197
0.353936
0.448995
0.963848
0.905271
0.391473
0.956316
0.338987
0.610150
0.988463
0.343351
0.526233
0.869926
0.999772
0.419498
0.994709
0.862817
0.833241
0.424246
0.999821
0.006436
0.038312
0.567952
0.214310
0.867295
0.151190
0.412663
0.022094
0.697604
0.548233
0.965121
0.425359
0.096539
0.065775
0.467543
0.888605
0.473767
0.157398
0.877024
0.636747
0.008675
0.868467
0.657522
0.974055
0.364008
0.674417
0.446952
0.314244
0.829446
0.574549
0.463269
0.473767
0.963073
0.169189
0.853085
0.888681
0.926999
0.601834
0.827197
0.642934
0.058497
0.518168
0.952441
0.448538
0.620144
0.029518
0.380065
0.598175
0.023991
0.978554
0.685972
0.109111
0.017484
0.999958
0.669569
0.360960
0.035798
0.311138
0.999798
0.229749
0.048190
0.000945
0.241630
0.108100
0.968801
0.500000
0.998169
0.528954
0.536580
0.463746
0.258394
0.647130
0.972140
0.073312
0.066973
0.449717
0.292800
0.916423
0.975559
0.290599
0.535856
0.531696
0.016893
0.193153
0.285855
0.994392
0.987962
0.571429
0.574395
0.945533
0.583899
0.858957
0.796270
0.429822
0.500000
0.999815
0.986675
0.311493
0.550745
0.450443
0.960192
0.335783
0.806068
0.744996
0.709717
0.010596
0.996720
0.840247
0.704955
0.579135
0.828541
0.727430
0.964459
0.758831
0.500000
0.979596
0.720082
0.131704
0.314824
0.891049
0.845127
0.215009
0.519314
0.457759
0.144672
0.975998
0.439345
0.750000
0.785250
0.863145
0.159815
0.573529
0.388175
0.625000
0.589477
0.386510
0.698095
0.999989
0.998203
0.338687
0.556674
0.503234
0.221699
0.723491
0.791903
0.145898
0.299998
0.686440
0.991759
0.021001
0.543921
0.349779
0.166781
0.716692
0.046974
0.015581
0.009650
0.547225
0.955195
0.383928
0.998713
0.324468
0.826077
0.968365
0.420166
0.699884
0.999905
0.993320
0.500000
0.999298
0.831347
0.673274
0.999284
0.851491
0.788538
0.343316
0.524817
0.877888
0.118556
0.459207
0.240539
0.933766
0.139703
0.913070
0.993528
0.441011
0.990685
0.921689
0.476675
0.981547
0.929279
0.607625
0.454149
0.232818
0.471859
0.990727
0.005950
0.999984
0.077976
0.910729
0.773122
0.111621
0.042100
0.929144
0.500000
0.497321
0.745286
0.833333
0.137342
0.526233
0.034561
0.673092
0.998759
0.378073
0.909091
0.890142
0.703167
0.650111
0.424542
0.004480
0.942180
0.598817
0.958820
0.504291
0.310459
0.939025
0.436352
0.982986
0.019785
0.930502
0.969327
0.590966
0.392618
0.990008
0.286203
0.004272
0.126070
0.804930
0.002214
0.972254
0.818074
0.646938
0.435337
0.142014
0.473767
0.215214
0.369638
0.027678
0.698346
0.875000
0.473767
0.368544
0.219099
0.997466
0.774349
0.770305
0.756604
0.955445
0.718787
0.762764
0.024289
0.833226
0.987377
0.769466
0.307919
0.218191
0.119496
0.683773
0.916608
0.999993
0.305093
0.669920
0.702243
0.585680
0.500000
0.388738
0.526233
0.329309
0.708922
0.407556
0.646620
0.820853
0.972982
0.050901
0.160460
0.516218
0.195699
0.115879
0.999634
0.995499
0.364327
0.769801
0.288986
0.992220
0.321937
0.889221
0.577715
0.978292
0.268824
0.979784
0.981519
0.142440
0.043478
0.656727
0.035835
0.169527
0.656161
0.522108
0.908285
0.067379
0.651227
0.595084
0.602479
0.261869
0.711559
0.322945
0.808091
0.958506
0.973918
0.768083
0.717165
0.675541
0.986446
0.043506
0.979939
0.965057
0.914346
0.526233
0.345078
0.287090
0.095723
0.863583
0.247103
0.518916
0.502981
0.843115
0.904046
0.998077
0.077465
0.383118
0.995205
0.869899
1.000000
0.998819
0.987577
0.127008
0.926188
0.020486
0.816442
0.626887
0.303261
0.988929
0.341275
0.182197
0.998267
0.054404
0.473767
0.738377
0.233602
0.332273
0.740122
0.424347
0.316662
0.418686
0.991651
0.579047
0.999912
0.989168
0.324191
0.346422
0.988335
0.793607
0.028022
0.989402
0.500440
0.559463
0.999956
0.148430
0.869617
0.419851
0.007508
0.766059
0.461538
0.452875
0.663376
0.593989
0.353647
0.586081
0.131609
0.723456
0.774618
0.999570
0.451926
0.347029
0.023375
0.661285
0.037562
0.366881
0.895409
0.530017
0.982934
0.500000
0.843606
0.987386
0.998659
0.834688
0.209985
0.185644
0.025699
0.104509
0.379517
0.600043
0.099137
0.589082
0.863053
0.694754
0.377941
0.988362
0.369087
0.003447
0.918613
0.693907
0.328239
0.304006
0.940995
0.200000
0.500000
0.802088
0.995065
0.217599
0.773691
0.924409
0.141102
0.164819
0.537369
0.000651
0.405064
0.013562
0.500000
0.356770
0.996245
0.764271
0.447678
0.420958
0.428571
0.883499
0.958975
0.439226
0.305037
0.777859
0.277660
0.060640
0.232818
0.649424
0.990042
0.985690
0.244553
0.912771
0.989312
0.232128
0.500000
0.406138
0.863053
0.713390
0.535714
0.450691
0.127703
0.992103
0.462283
0.934143
0.814936
0.698263
0.445094
0.998309
0.268603
0.027487
0.066687
0.006002
0.053921
0.073098
0.966267
0.056549
0.709576
0.502451
0.650755
0.042466
0.729795
0.998671
0.999996
0.473767
0.315623
0.906250
0.500000
0.970786
0.060581
0.919117
0.860529
0.996394
0.417163
0.534091
0.426535
0.592778
0.529179
0.627078
0.049640
0.301748
0.856406
0.943501
0.998630
0.178488
0.690642
0.365381
0.153681
0.576835
0.533333
1.000000
0.999954
0.252744
0.992354
0.897461
0.901113
0.393353
0.807006
0.185575
0.823183
0.039436
0.985795
1.000000
0.749157
0.897065
0.920164
0.473767
0.962424
0.719345
0.778310
0.594151
0.816879
0.043820
0.677492
0.993871
0.350688
0.824405
0.461670
0.988982
0.056681
0.516370
0.455633
0.640847
0.219049
0.227834
0.868560
0.074322
0.473767
0.813537
0.799714
0.001206
0.768706
0.569162
0.247776
0.997445
0.368545
0.834309
0.025922
0.918463
0.652157
0.964632
0.637859
0.007721
0.398350
0.729795
0.419043
0.748893
0.987363
0.993801
0.022203
0.997851
0.000003
0.979924
0.022244
0.149462
0.295912
0.999995
0.999954
0.950123
0.915851
0.655863
0.498877
0.545203
0.767321
0.007016
0.000004
0.500000
0.421875
0.949251
0.891737
0.852414
0.030801
0.771250
0.500000
0.874869
0.863888
0.722678
0.341671
0.993644
0.987812
0.439607
0.000154
0.040289
0.492230
0.446837
0.432252
0.345590
0.144741
0.739372
0.573533
0.293118
0.397555
0.871011
0.930385
0.249015
0.011593
0.994474
0.958929
0.958934
0.027494
0.276536
0.920478
0.113286
0.229752
0.935845
0.140925
0.916849
0.813914
0.526233
0.849051
0.388886
0.353627
0.176037
0.629315
0.150318
0.503189
0.995525
0.030967
0.241520
0.392363
0.083911
0.473767
0.986621
0.500000
0.946444
0.746155
0.764558
0.473767
0.980220
0.729795
0.560189
0.531501
0.206960
0.964166
0.712367
0.851491
0.040920
0.033326
0.526720
0.503732
0.741605
0.089686
0.114922
0.362453
0.903895
0.006950
0.232912
0.630000
0.921158
0.675054
0.647758
0.160759
0.997267
0.618478
0.529077
0.354758
0.225721
0.069561
0.813022
0.866777
0.996572
0.183328
0.123360
0.176153
0.932727
0.473767
0.949718
0.393283
0.573529
0.341976
0.683711
0.353711
0.010145
0.881876
0.500000
0.513161
0.835627
0.972871
0.925458
0.522702
0.927268
0.123407
0.024774
0.059567
0.559859
0.949765
0.708592
0.061486
0.010759
0.957457
0.436247
0.801933
0.594201
0.672970
0.430472
0.030979
0.954104
0.434855
0.570581
0.287697
0.977453
0.385663
0.022972
0.937070
0.793690
0.027240
0.074741
0.769067
0.500000
0.116276
0.056622
0.486910
0.124165
0.354897
0.993517
0.982995
0.429244
0.810409
0.988455
0.475340
0.628147
0.721607
0.982043
0.446562
0.500000
0.467669
0.055428
0.991897
0.522694
0.374914
0.698229
0.477103
0.719290
0.661959
0.440384
0.789021
0.658045
0.892690
0.145022
0.640372
0.440079
0.415694
0.028525
0.182279
0.711399
0.933708
0.252101
0.870837
0.009565
0.087249
0.719835
0.507768
0.825593
0.962998
0.906308
0.205572
0.231817
0.512395
0.903799
0.806356
0.602070
0.953571
0.311778
0.574659
0.150594
0.953279
0.855949
0.677666
0.909675
0.168492
0.560698
0.291267
0.997274
0.980358
0.660550
0.663672
0.680205
0.907685
0.491737
0.097463
0.500000
0.500000
0.377746
0.678039
0.924290
0.117505
0.763849
0.997987
0.447576
0.602062
0.923876
0.715822
0.024253
0.254660
0.207850
0.164295
0.432389
0.852628
0.443625
0.429091
0.663042
0.976144
0.563222
0.092516
0.333222
0.928571
0.206984
0.723743
0.677492
0.978107
0.580984
0.526233
0.891520
0.219746
0.500000
0.190266
0.927404
0.989738
0.174327
0.668448
0.033630
0.321179
0.795689
0.479806
0.630077
0.030047
0.044291
0.586511
0.943853
0.520100
0.725801
0.993684
0.473767
0.839411
0.997486
0.729795
0.125480
0.359904
0.473767
0.926829
0.559401
0.740174
0.818231
0.926110
0.913649
0.818231
0.990492
0.881502
0.152296
0.371346
0.380360
0.946847
0.929703
0.999155
0.484172
0.442610
0.978793
0.252101
0.003476
0.394201
0.571182
0.522308
0.760883
0.697754
0.982599
0.757200
0.199752
0.098474
0.998080
0.971335
0.999901
0.321937
0.083704
0.951629
0.981752
0.698232
0.776790
0.573747
0.503119
0.832970
0.075392
0.721334
0.007982
0.974203
0.970648
0.114415
0.111934
0.477953
0.643713
0.210728
0.996541
0.561966
0.900023
0.750000
0.414655
0.197936
0.061846
0.924560
0.093976
0.879443
0.252101
0.307446
0.948223
0.903937
0.963897
0.376923
0.782665
0.999995
0.452208
0.018210
0.500000
0.545500
0.500000
0.226629
0.629707
0.527643
0.540536
0.026873
0.719290
0.007684
0.556203
0.686440
0.153992
0.797078
0.273684
0.700669
0.225083
0.823593
0.975690
0.946776
0.368133
0.904769
0.997673
0.990944
0.083100
0.742296
0.901967
0.382014
0.058197
0.999995
0.678266
0.129742
0.802591
0.998068
0.515071
0.233359
0.606243
0.844754
0.843986
0.869536
0.043546
0.752670
0.464787
0.202102
0.539217
0.733964
0.473767
0.411705
0.996344
0.808936
0.082594
0.067366
0.235928
0.792290
0.951133
0.999037
0.158255
0.438392
0.620943
0.639751
0.003997
0.784883
0.096569
0.857580
0.023885
0.394290
0.940125
0.403071
0.944044
0.036330
0.421875
0.770735
0.692262
0.452772
0.819697
0.636612
0.818929
0.361734
0.500000
0.000319
0.999173
0.413346
0.053971
0.661716
0.011836
0.114431
0.680991
0.864428
0.994469
0.660550
0.007645
0.997167
0.858780
0.999543
0.603631
0.913525
0.944106
0.235198
0.528589
0.964928
0.015952
0.209784
0.656200
0.813053
0.042466
0.500000
0.080579
0.458510
0.469574
0.998558
0.251267
0.394652
0.203498
0.982735
0.972956
0.820790
0.878461
0.902272
0.385083
0.470566
0.150622
0.765733
0.247508
0.357444
0.429638
0.905009
0.981421
0.975834
0.939087
0.473767
0.062151
0.440525
0.066004
0.932939
0.574549
0.152244
0.572123
0.154610
0.011023
0.871104
0.423536
0.326428
0.400000
0.545455
0.768712
0.312500
0.744039
0.414116
0.241350
0.345279
0.101449
0.971536
0.015500
0.544489
0.324020
0.638809
0.938162
0.852393
0.574903
0.550482
0.190754
0.997205
0.107116
0.158978
0.086235
0.431078
0.946489
0.998234
0.447678
0.195315
0.270780
0.571303
0.620302
0.323870
0.500000
0.148466
0.880165
0.408618
0.706718
0.999217
0.902834
0.750000
0.645933
0.750000
0.480729
0.000523
0.382741
0.213348
0.692379
0.874862
0.488908
0.337715
0.523145
0.807909
0.980585
0.007850
0.035947
0.518198
0.500000
0.359406
0.480704
0.039515
0.159724
0.014221
0.700000
0.998810
0.791820
0.369391
0.361093
0.807206
0.986341
0.021172
0.401202
0.933028
0.750000
0.365726
0.776856
0.408039
0.288996
0.738399
0.283457
0.680809
0.969026
0.657232
0.911896
0.248966
0.450060
0.585880
0.073254
0.996667
0.993544
0.574549
0.292800
0.729795
0.956270
0.071751
0.330249
0.989891
0.069682
0.896848
0.987849
0.653854
0.355969
0.999439
0.771685
0.338564
0.262895
0.300018
0.092428
0.915986
0.015320
0.802086
0.411385
0.452805
0.876330
0.993213
0.634450
0.994652
0.371727
0.997624
0.971632
0.729795
0.982180
0.888745
0.952267
0.999795
0.832298
0.106513
0.833333
0.486618
0.984502
0.923825
0.837900
0.984029
0.891260
0.281135
0.237272
0.999797
0.445756
0.310821
0.280427
0.389690
0.648778
0.193706
0.473767
0.947007
0.393363
0.227337
0.954136
0.326886
