0.236661
0.272165
0.265965
0.271661
-2.519001
0.276639
-2.519114
0.079544
-2.519178
0.275700
0.262703
0.310107
0.276628
-0.109057
-1.969728
0.273467
0.041753
0.041726
0.265089
0.274884
0.308820
0.021096
0.273894
0.268186
0.197332
0.268757
0.274876
0.270705
0.131902
0.277305
0.277488
0.263791
0.267070
0.274771
0.276269
0.309074
0.276784
-0.098060
0.277269
0.268317
0.261777
0.223477
0.271811
0.312944
0.196875
0.271704
0.270720
0.275224
0.277516
0.274651
0.271091
0.263729
0.274611
0.261307
0.308038
0.269343
0.274513
0.238206
0.275885
0.092464
-0.110307
0.312074
0.270686
0.270739
0.252880
0.264407
0.270626
-0.105323
0.268453
0.016625
-0.108271
0.269083
0.265382
-17.877867
0.270712
0.315696
0.277715
0.274930
0.270105
-2.518344
0.266017
0.223489
0.269123
-0.100600
0.268926
0.274698
0.273185
-2.517367
0.309144
-0.150923
0.275804
0.278019
0.270409
0.263932
0.032007
-0.107599
0.271059
0.246546
-0.101043
0.249877
0.271843
0.263656
0.277463
0.169974
0.276042
-0.105765
0.099271
0.092590
0.249527
-0.034785
0.273152
0.227725
0.277675
0.266264
0.276167
0.276149
0.265340
0.273336
0.267486
0.195740
0.270367
0.272338
0.264567
0.275089
0.013121
0.274804
0.274697
0.267154
0.267121
0.265286
0.267684
0.270131
0.267494
0.155794
0.274339
0.268005
-0.108982
0.274773
0.275740
0.275369
0.268448
0.109246
0.273190
0.276580
0.274079
0.277233
0.271092
0.274476
0.272044
-1.411757
0.277357
0.276481
0.013283
0.276598
0.274919
0.263351
0.269559
0.276858
0.268608
0.257270
0.269965
-2.518725
0.265512
0.264541
-1.969309
-0.094215
0.268324
0.276874
0.265022
0.315558
0.276773
0.269733
0.275194
0.271211
0.277550
0.269947
0.270836
0.275824
0.263983
0.311074
0.263239
0.265377
0.271525
0.274757
0.264879
0.309795
0.268787
0.271857
-2.517511
-2.519253
-2.512439
0.265992
0.274605
0.267623
0.274720
0.267974
-2.519808
0.279946
0.266134
0.278789
0.267608
0.087427
0.271329
0.274357
0.311606
0.269054
0.235799
0.274754
0.270780
0.277034
0.266794
0.274813
0.266642
-0.098309
0.283973
0.229116
0.161467
0.267089
0.268543
0.265685
-2.516300
-2.510291
0.276098
0.037202
0.276578
0.272206
0.264718
0.275940
0.264896
0.276131
0.308825
-2.513488
0.264813
0.265518
0.276021
-2.558441
0.277140
0.308836
0.312933
0.313212
-2.981617
0.309603
0.278035
0.275027
0.263324
0.277523
0.311061
0.264755
0.314994
0.262715
0.273357
0.270462
0.277054
-0.099163
-0.100250
0.278438
0.265355
-2.517858
0.252159
0.261066
0.277426
0.277012
0.123578
-0.108888
0.264272
0.263095
0.274645
-0.032011
0.270593
0.276586
0.276360
0.268340
-2.518902
0.272306
0.270992
0.263216
0.013924
0.277554
0.274444
0.275495
0.272267
0.277643
0.278374
0.276147
0.270822
0.270710
0.265478
0.276095
0.268801
-0.102600
0.265460
0.271367
0.276396
0.274807
0.266344
0.274440
0.015345
0.263729
-0.109105
0.090550
0.273911
-0.108419
0.206533
0.274992
0.031050
0.274532
0.278316
0.278814
-2.519376
-6.116605
-6.111267
0.277399
0.278629
0.276705
-2.509673
0.274653
0.262943
0.265099
0.264496
0.260361
0.265016
0.267972
0.266552
0.196340
0.093656
0.275031
0.277326
0.274633
0.263505
0.269544
0.265376
0.263328
0.315958
0.276280
0.268286
0.271825
0.249716
0.015560
0.017027
0.265060
0.109868
0.270689
-2.517749
-2.513339
0.276713
0.273099
0.279556
0.275454
-2.748742
0.276996
0.274857
0.269211
-0.057190
0.276429
0.278539
0.270099
0.265152
0.270193
0.279268
0.222575
0.271679
0.265011
0.264512
-0.232616
0.275419
0.091505
0.275764
0.237557
0.274455
0.265012
-2.521384
0.311236
0.252535
0.278802
-0.109005
0.268613
0.269195
0.280785
0.279903
0.087860
0.267451
0.262987
0.089195
0.270517
0.276578
0.271954
0.204196
0.262515
0.245426
0.263781
-0.106762
0.166978
0.264731
0.267901
0.273646
0.274707
0.277409
0.277239
0.277284
0.277370
0.250447
0.275091
0.234369
0.263520
0.021326
-0.099050
-0.108429
0.182911
0.276532
0.275501
-0.107404
0.270689
0.268465
0.269828
0.276810
0.266504
0.226266
0.275201
0.265128
0.264179
-2.532638
-0.108793
-0.108750
0.273942
-0.089425
0.119952
0.264896
-0.022929
-6.114409
0.268065
0.278416
0.278179
0.271663
0.274456
0.264883
0.274980
0.270030
0.229277
0.276250
0.276520
0.275741
-0.076853
0.275664
-2.518537
0.272416
0.311135
-2.518520
0.268119
0.276396
0.251727
0.131111
0.013027
-0.099256
0.264394
0.095283
0.274370
0.278498
0.197298
0.269517
0.262765
0.269778
0.264914
0.015047
0.033821
0.263997
0.261140
0.251447
0.267923
-2.518213
0.274738
0.312137
0.270380
0.265961
0.265400
-1.452409
0.013422
0.280222
0.251046
-6.114852
0.274392
0.269670
0.277248
0.270381
-0.107366
0.275266
0.262560
0.274808
0.242136
0.244981
-2.559070
0.269627
0.280882
-0.108867
0.312604
0.273458
0.277647
0.277652
0.264650
0.275760
0.269026
0.265352
0.276189
0.270294
0.280895
0.269796
0.312563
0.267662
0.264565
-0.101341
-2.517255
0.275482
0.275502
0.012956
-6.117307
-2.516440
0.273999
0.261641
0.278617
0.311626
-6.116665
-1.089049
0.279977
0.266829
0.276457
0.275862
0.273480
-0.107545
0.275432
0.275667
0.012736
-2.519549
0.264650
0.268397
0.264634
0.277776
0.277481
0.222263
0.258619
0.270556
-0.097176
0.278526
0.273446
0.275729
0.272310
0.266855
-2.517124
-3.003218
0.030219
-6.117621
0.265789
0.275038
0.275380
0.261955
0.277822
0.268929
0.262375
-0.067642
0.263913
0.275685
0.271557
0.309003
0.116656
0.128515
0.128587
0.269653
0.264003
0.278082
0.273590
0.313216
0.263884
-2.518082
0.269986
0.274555
0.272282
0.276700
0.014604
-0.103045
0.071770
0.252021
0.269135
0.269822
0.269325
0.271283
0.278728
0.268049
0.276283
0.264165
0.032829
0.278088
0.270981
0.266584
0.277654
0.265018
0.265178
-6.114181
-0.108285
0.268472
-0.108971
-0.099859
-0.099791
0.226890
0.268016
0.265207
0.312989
0.270262
0.274353
0.263436
0.277233
0.267724
0.266715
0.279291
0.265010
0.277218
0.267389
-2.510907
0.277197
-0.106388
0.269708
0.265742
0.281026
-1.983954
0.281708
0.269891
0.266482
0.275770
-2.012250
0.269373
0.275786
0.310593
0.276456
0.271654
-6.115729
0.275024
0.275366
0.271229
0.093662
0.273463
0.265551
0.269872
0.270582
0.266335
-1.483225
0.240177
0.056280
0.271806
0.226599
0.270004
0.282811
0.312297
0.277984
0.275662
0.127937
0.106074
0.206680
0.273427
0.268779
0.018920
0.311985
0.312143
0.262971
0.275590
0.312858
0.277855
0.278074
0.223899
-2.515705
-1.107575
0.263515
0.270343
0.266585
0.017190
0.208320
0.261679
0.014257
0.275376
0.276457
0.275535
0.269199
0.277003
0.248182
-2.520826
0.273015
0.264175
0.118026
0.242753
0.015903
0.265438
0.266105
0.274832
0.262239
0.265840
0.267375
0.284079
0.271194
0.312568
0.270746
0.277377
0.276122
0.279069
0.270745
0.270558
0.251973
0.264070
0.267719
0.096727
0.275612
-5.984324
-0.194151
-2.512044
0.045176
0.037169
0.261286
0.204836
0.274183
0.266762
0.270044
0.073405
0.282045
0.263613
0.096583
0.274927
0.269281
0.270359
0.265331
0.270287
0.268451
0.312685
0.276687
0.275234
0.254747
0.275393
0.235963
0.267084
-2.517438
0.276433
0.275121
0.275870
0.262642
0.266920
0.089424
-1.110066
0.274755
0.273403
0.040343
-0.101353
0.014575
0.161048
0.273497
-0.098206
0.278274
0.273428
0.272733
-2.519350
0.015932
0.266768
0.277305
0.262600
0.264659
0.265920
0.251415
0.207961
-0.144918
0.275121
0.276026
0.273431
0.264383
0.277256
-1.412362
0.274884
0.276175
0.269318
0.017821
0.276469
0.275255
0.275570
0.277109
0.155851
0.249761
0.233577
0.263777
-0.106805
0.267993
0.263290
0.267819
0.274057
0.273841
-6.116044
0.267444
0.274396
0.271201
0.268453
0.310701
0.238856
0.247431
0.271793
0.276064
-0.109082
0.271400
0.275468
0.276238
0.263911
0.273335
0.309263
0.278906
0.131604
0.274838
-0.099690
0.274896
0.264689
0.273933
0.270097
-1.413069
0.267839
0.277210
0.229553
0.273844
0.271777
0.274436
0.308875
0.264533
-0.100185
0.272325
0.273473
0.013052
0.264365
0.274964
0.273228
-0.098455
0.310208
0.277357
0.272440
0.274489
0.268007
0.277061
0.275585
0.273634
0.276041
0.262422
0.276382
0.273882
0.266510
0.283981
0.268438
0.276730
0.314304
0.275653
0.272444
0.273132
0.275276
0.022234
0.275083
0.276993
0.276557
0.272769
0.273662
0.267424
0.268238
-1.075481
0.268113
0.263649
0.267693
0.277349
0.151913
0.262723
0.279952
0.271556
0.261807
0.266943
0.092690
0.315798
0.274543
0.274481
0.277831
0.270061
0.192595
0.268329
0.274532
0.282010
0.263361
0.018391
0.013097
0.262422
0.276459
0.273486
0.274716
0.242624
0.276793
0.263333
0.276928
0.264886
-1.412856
-0.101951
0.273915
0.274813
0.271022
0.276935
0.281470
0.248010
-0.247119
0.262490
0.270177
-6.117589
0.103610
0.131999
0.263971
0.258865
0.013168
0.089459
0.267253
0.278981
0.265536
-2.517365
0.271110
0.278344
0.273691
0.276455
0.265147
0.268998
0.262392
0.279760
0.274624
0.267997
0.273167
0.273539
0.013236
-1.088810
-0.109198
0.263295
0.273475
0.277443
0.266280
0.276059
0.266461
0.276223
0.276173
0.275380
0.260324
0.275631
0.230008
0.271844
0.263472
0.276963
0.232179
0.265467
-2.520157
-0.107038
-6.109677
0.258743
0.031709
0.270386
0.195045
0.268524
0.272576
0.274873
0.275930
0.264029
0.247525
0.263795
0.277681
0.277720
0.267978
0.275559
0.268925
0.209691
0.277738
0.309250
0.041727
0.268038
0.278063
0.261312
0.259231
0.274923
0.276002
0.276065
-0.108915
-0.108448
0.268360
0.013089
0.277068
0.277020
0.266114
0.267260
0.277326
-2.517151
0.272439
0.240193
0.018525
0.274754
0.027332
0.265713
0.270697
0.283712
0.251521
0.274536
0.276065
0.276025
0.273401
0.260855
0.264920
-0.104121
0.240734
0.275102
0.308982
0.019137
0.272181
-2.984495
0.273576
0.017562
0.273088
0.264653
0.271267
0.275421
0.015272
0.109389
0.271143
-0.084611
0.272769
0.031098
0.278231
0.264805
0.274472
0.277957
0.274855
0.268205
0.131851
0.271336
-0.097053
0.263992
0.264810
0.275026
0.274599
0.040467
-2.516919
0.108322
0.242323
-1.409836
0.270922
0.276414
0.275775
0.243318
0.269140
0.274993
0.274294
0.272461
0.242119
0.016265
0.228809
0.275570
0.274163
0.268514
0.274075
0.276827
-0.107392
0.265247
0.090750
0.272643
0.263483
0.263659
0.274570
0.278082
0.278484
0.263677
0.274691
-6.116072
-0.108748
0.274065
0.277719
0.276698
0.265403
0.286835
0.262717
0.013007
0.267781
0.271590
0.276188
0.274511
0.273612
0.310459
0.270888
0.266035
0.310783
0.278583
0.312277
0.229257
0.264555
0.261221
0.310365
0.264714
0.270828
0.268148
0.266705
0.251886
0.264689
0.263771
0.268401
-2.497132
0.267982
-2.747148
0.232242
0.279879
-0.099704
0.096835
0.229452
0.267490
0.264244
0.274209
0.114802
0.021614
0.021619
0.275666
-2.541489
0.263787
0.259483
0.277684
0.268256
0.108605
0.270875
0.014678
0.272688
0.274863
0.237302
-2.519396
0.266480
0.267632
0.262438
0.263681
0.168677
0.264381
0.278091
0.271251
0.268441
0.275872
0.269424
0.263648
0.276944
0.262298
0.275304
-2.517256
0.276215
0.274517
0.267864
0.276997
0.310860
0.269129
0.277904
0.269986
-2.517213
0.275807
0.276992
0.263847
0.265841
0.283341
-2.517281
0.273959
-2.519035
0.264240
0.089112
0.315699
0.191129
0.280378
0.273153
0.277195
0.278488
0.280605
-2.518547
0.276577
0.265409
0.265535
0.277330
-2.521369
0.238515
0.162991
0.277193
-2.517416
0.265922
0.265219
0.200031
0.277779
0.275202
0.271766
0.274830
0.274261
0.277555
0.255001
0.248903
0.021715
0.275303
0.309702
0.308556
0.273710
0.274674
0.264307
0.013306
0.272200
0.163963
0.014080
0.096698
0.312448
-2.521183
0.269763
0.269106
0.272238
0.263344
-2.521363
0.276215
0.264781
-2.475051
0.014451
0.270887
0.018036
0.226177
0.272315
0.265789
0.273876
0.267442
0.271554
0.263766
-2.519041
0.313797
0.275061
0.223180
0.012699
-1.095406
0.265735
0.275734
0.269819
-0.036336
0.273869
0.278063
0.271281
0.090716
0.272711
-2.518942
0.275739
0.276279
-0.107586
0.277962
0.277426
0.091892
0.262079
0.270476
0.250470
0.263963
0.275650
0.273959
0.110935
-0.029232
-0.092372
-0.101600
0.266465
0.095384
0.282702
0.263351
0.315996
0.264025
0.275961
-0.102127
0.269960
-2.519051
0.252228
-2.741404
0.276389
0.197245
0.275349
0.276507
0.265937
-0.141749
0.274325
0.262787
0.273565
0.276717
0.273701
0.276717
0.249448
-0.149290
0.267422
0.276341
0.268136
0.089462
0.312691
0.277722
-0.610297
0.261623
-0.096457
0.272996
0.269835
0.263631
0.265295
0.253319
0.271259
-2.517288
0.266796
-1.508225
-0.099882
0.280849
0.264206
0.266892
0.265153
-2.517510
0.267851
0.276389
0.261852
0.261846
0.167868
-0.108752
0.044634
0.270734
0.250171
0.267072
0.283380
0.282593
0.278321
0.273705
0.242356
0.275133
0.278257
0.273010
0.264982
0.309666
0.273999
-2.518247
0.270079
0.269138
0.275308
0.277462
0.275191
0.274213
-2.518943
0.164204
0.014060
0.263341
0.282944
0.236823
0.146883
0.312787
0.275063
-2.558007
0.235211
0.014987
0.274493
-2.519437
0.263660
0.311275
0.035885
0.310214
0.274345
0.278215
0.265890
-2.518884
0.270317
0.276313
0.070620
0.274830
0.280998
-2.520856
0.276569
0.270318
0.268037
0.274854
0.274107
0.275920
0.275023
0.014305
-0.023484
0.263347
0.276215
0.278171
0.270989
0.265516
0.239525
0.224525
0.264698
0.278183
0.276251
0.279222
0.272466
0.271684
0.274979
0.278233
-1.413121
0.267675
0.277565
0.267949
0.272890
0.014118
-2.456508
0.309058
-2.519107
0.273020
-0.192249
0.312263
0.310867
-0.108849
0.274943
0.265982
0.277164
0.277417
0.270659
0.275697
0.264751
-3.014258
0.264982
0.275229
-0.152579
0.239212
0.270477
0.262623
0.313641
0.271552
0.269618
0.271484
0.262740
-0.709707
0.272275
0.274957
0.170506
0.268053
0.276132
-1.413020
0.274458
0.276534
0.278632
0.101066
0.308837
0.262221
0.272407
0.268600
0.273684
0.144354
0.262724
0.283724
0.276089
0.280258
0.277179
0.270249
0.280262
-2.520311
0.090487
0.275046
0.269310
0.269864
0.270229
0.275863
0.261668
0.280442
0.263948
0.250577
0.252073
0.270756
0.189276
0.090758
-2.516864
0.036723
-5.610126
0.273462
0.205624
0.263392
0.246634
0.274057
0.268639
-0.036820
-2.518683
0.264462
0.274814
0.263181
-3.014095
0.276251
0.162700
0.275305
-2.517222
0.274176
0.274275
0.266993
0.014840
0.096305
0.265422
0.276982
0.264093
0.277069
0.268168
0.277964
0.276826
0.267230
0.273884
0.269900
0.208716
0.014555
0.252583
0.273386
0.275797
0.093217
0.275227
0.270723
-0.067137
0.271352
0.266773
0.264678
0.271031
-1.990927
0.247584
0.273950
0.277347
0.266814
0.275724
0.270996
0.263353
0.276444
0.244542
0.276610
0.276246
0.276646
0.263117
0.313612
0.268055
0.015649
0.272334
0.272087
0.276795
0.276134
0.271887
0.274843
0.266443
0.266850
0.279243
0.271750
0.275704
0.270290
0.035783
0.275890
0.275781
0.266349
0.257969
0.266944
0.275165
0.275046
0.280839
0.015556
0.274701
0.121850
0.271443
0.265365
0.161582
-0.145347
0.275354
0.270150
0.269788
0.275150
0.265472
0.274770
0.237721
0.274660
0.272527
0.268360
0.031538
-0.099867
0.264446
0.279543
0.273474
0.229304
0.263792
0.264992
0.275261
0.097987
0.276527
0.269309
0.271187
0.266169
-0.107948
0.315618
0.277358
0.269786
0.265827
0.268808
0.275137
0.262406
0.266041
0.275352
0.273279
0.274590
0.276235
0.245726
0.267703
-2.519903
0.275977
0.237446
0.265045
0.240285
0.273882
0.275988
0.267012
0.272994
-6.109802
0.276082
0.275252
0.262992
-2.513408
0.271690
0.274476
0.270036
-2.518202
0.279866
0.252012
0.229275
0.019283
0.273082
0.006857
0.276848
0.277038
0.263720
0.012648
-0.143634
-2.518932
0.264986
-0.406900
0.270391
0.274063
0.268951
0.281356
0.275104
0.278234
0.277869
0.264658
0.212516
0.270954
0.274999
0.099730
-0.107061
0.275209
0.093922
0.263814
0.309006
-0.108365
0.268131
0.310502
0.076962
0.274520
0.276452
0.013860
0.276704
0.267636
0.262318
-0.094820
0.273618
0.313508
0.277230
0.131890
-0.108331
0.245723
0.277136
0.265107
0.239297
0.275922
0.275957
0.271245
0.309510
0.270710
0.274918
0.256550
0.273087
0.199661
0.271639
0.274944
0.266045
0.034706
0.270282
0.280408
0.269633
0.274464
0.275959
-2.517176
0.267280
0.273953
0.265401
0.274851
0.271843
-2.558129
-3.011043
-0.143487
0.274542
0.266444
-2.519320
0.272537
0.019837
0.197924
0.264720
0.015232
0.195756
0.284402
0.275135
0.276024
0.269962
0.274458
0.274266
0.270276
0.312293
0.277033
0.274997
0.268309
-6.115874
0.262766
0.277197
0.275159
0.277019
0.041800
-1.412619
0.269239
0.254500
0.229918
0.263549
0.223323
0.266453
0.278007
0.175318
0.265779
0.272750
-0.030205
0.251597
0.262004
0.014202
0.275617
0.268112
0.263718
0.276300
0.232277
0.032457
0.274803
0.274491
0.224940
0.248404
0.268896
0.265777
0.154788
0.265065
0.283810
0.261542
0.259804
-2.515201
0.204041
-2.518442
0.273650
0.250804
0.268180
0.269432
0.221296
0.250871
0.270122
0.275737
0.264723
0.265067
0.270221
0.279482
0.276078
0.014330
0.279797
0.279867
0.274810
0.266261
0.268091
0.274182
0.264376
0.276695
0.263504
0.263376
0.272589
0.310258
0.274445
0.276632
0.278944
0.261309
0.263904
0.059204
0.249321
0.271114
0.277780
0.264675
-0.107514
0.311353
0.277742
0.308931
0.271255
0.265499
0.279564
0.275062
0.271017
0.275303
0.273451
0.100670
0.278194
0.270751
0.262801
0.277387
0.266314
0.269411
0.275562
0.274977
0.278631
0.277250
0.272662
0.264145
0.270836
0.267556
0.265921
0.271748
0.270461
0.267314
0.274808
0.311316
0.266556
0.271043
-0.031591
0.270342
0.268465
0.308770
0.272723
0.310649
0.274482
0.314475
0.013949
0.275320
-17.876546
-6.072566
0.268193
0.128893
0.310820
0.275850
0.270851
0.267995
0.275324
0.270986
0.015174
0.312542
0.267244
0.275886
0.225426
0.276980
0.260807
0.089467
-3.014278
0.272683
0.071695
0.273593
0.263569
0.268058
0.277447
0.277399
0.270535
0.269474
0.262065
0.274917
0.271151
0.277705
-0.108313
0.274139
0.277823
0.275284
0.274496
0.259261
0.249267
-0.099916
0.277375
0.277242
0.270400
0.157017
0.274374
0.278863
-2.518173
0.264155
-1.078765
0.271080
0.270144
0.091685
0.274721
0.275260
0.267508
0.274464
0.274857
0.270688
0.275340
0.263702
0.263656
0.274101
0.274896
0.277373
0.274743
0.265824
0.013083
0.270700
0.280867
0.265239
0.277272
0.131993
0.263118
0.272473
-0.019578
-2.518147
0.270529
0.264652
0.283117
0.206430
0.308754
-2.518265
0.278168
0.276314
0.268198
0.272591
0.260244
0.261809
0.275053
0.037280
0.273316
-6.111637
0.277501
0.270182
0.276352
0.272961
0.282831
0.267667
-2.005143
0.280676
0.269421
0.273758
0.269187
0.309158
0.269832
0.278894
0.090927
0.263923
0.015905
0.268058
0.276160
0.270850
0.251965
0.274615
0.268796
0.012971
0.170209
0.233602
-0.106693
0.276019
0.118322
-1.129678
-2.517272
0.309481
0.309552
0.247667
-0.246321
0.270041
0.277492
0.274495
0.265678
0.271171
0.277484
0.271144
0.267397
0.310006
0.276414
0.266779
0.018213
0.274501
0.262996
0.275542
0.274731
0.307882
0.199387
0.266932
0.034600
0.271463
0.315794
0.033385
0.270828
0.270390
0.277619
0.275436
0.261561
0.270083
0.276336
-2.520604
0.272905
0.308491
0.205745
0.276735
-2.517652
0.275513
0.275541
0.269686
0.277934
0.264816
0.251240
-0.106045
0.206944
0.275952
0.276376
-2.520799
0.267214
-0.071209
0.270809
0.269784
0.262469
0.075803
0.268363
-0.106675
0.268053
0.247165
0.279253
0.014455
0.274886
0.275219
0.088747
0.268300
-6.117605
0.263709
0.262250
0.017479
0.275706
-2.554446
0.022889
0.016552
0.228306
0.276288
-1.412541
0.277054
-0.081932
-0.063585
-0.108455
0.266101
0.277094
0.270576
0.247709
0.277434
0.264388
0.274792
0.310106
0.161346
0.266114
0.264753
0.270720
-0.099290
0.272093
0.275159
0.276557
0.274431
0.277635
-2.518621
0.264470
0.005157
-2.514527
0.266745
0.265352
0.224855
0.245436
0.272524
0.264064
0.270754
-2.517487
0.280410
0.263033
-0.233504
0.013224
0.264795
0.263895
-2.521399
0.265365
0.273238
0.266293
0.272560
0.277383
0.277184
0.277440
-1.112931
0.157657
0.277490
0.274705
0.265818
0.266543
0.270224
0.278400
0.277302
0.277315
-6.116334
-0.036289
0.314702
0.277546
0.277489
0.221495
0.038856
0.234040
0.234008
0.269321
0.014187
0.197060
0.248036
0.276468
0.267951
0.277996
-0.019237
0.309331
0.276015
-2.513738
0.276486
0.273302
-6.111435
0.247146
0.268247
0.275134
0.280819
-0.107482
0.276461
0.263669
-2.461325
0.276203
-0.114378
0.227490
0.273477
0.272399
0.268981
0.092749
0.277010
0.092934
0.312671
0.270253
0.268814
0.269576
0.314424
0.091755
-2.518939
0.273521
-0.064688
0.261590
-0.112607
0.271425
0.274191
-0.245739
0.270679
0.198949
0.273403
0.264772
0.197920
0.271826
0.276806
0.276004
-0.036054
0.279268
0.273452
0.202829
0.251765
0.082815
0.273448
0.272624
0.276980
0.263331
-1.089752
0.266876
0.276457
0.270279
0.198419
0.279831
-1.087901
0.265639
0.275727
0.234077
0.279121
0.270626
0.265561
0.279135
0.161049
0.252052
0.268877
0.277455
0.270306
0.262436
0.270926
-0.075887
0.279089
0.277267
0.269984
0.277962
0.263892
0.158098
0.274544
0.277289
0.276898
-0.072329
0.015959
-2.517841
0.244001
-1.407307
0.278050
0.270067
0.277257
0.267026
0.250629
0.274973
0.274966
0.264622
0.263451
0.053016
-1.507929
0.267108
0.092805
0.265502
0.267924
0.272831
0.054165
0.275287
0.261617
-0.108507
0.275171
-1.412750
0.269713
0.311677
0.278424
0.268164
0.265706
0.309220
0.273856
0.225343
0.090135
0.266599
0.282384
0.236592
0.265615
0.160052
0.276071
0.310034
0.281327
0.276940
0.265968
0.271787
0.313193
0.269930
0.013968
0.261358
0.205436
0.264891
0.274258
0.265023
0.264125
-2.518800
0.015221
0.265221
0.223815
0.313369
0.267979
0.095175
0.083201
0.265196
0.264271
0.273924
0.276839
0.274837
0.264815
0.265305
0.269006
0.263393
0.191346
0.270291
0.273910
0.267488
0.266712
0.278128
0.261599
0.315462
-0.106522
0.310964
0.270705
0.113993
0.270106
0.275708
-0.099012
0.087192
0.049944
0.279346
-2.499981
0.270699
0.270902
0.277934
-1.086618
0.272022
-2.521406
0.273238
0.224129
0.265207
0.266796
0.266774
0.271965
0.280273
-2.752552
0.231422
0.262784
0.267351
0.267997
0.264617
-0.086304
0.275743
0.275922
0.277022
0.281167
0.207338
0.271367
0.276077
0.235263
0.277783
0.275790
0.269754
0.264810
0.113796
0.093938
0.263780
0.263283
0.277238
0.268785
0.261977
0.268008
0.249833
0.266256
0.273695
0.176219
0.069992
0.267733
0.268181
0.265225
0.275156
0.267425
-0.153038
0.222400
0.012687
-3.013663
0.276010
0.277314
0.269020
0.276658
0.192198
0.313871
0.276245
0.275259
0.263864
0.280581
0.269809
0.276392
0.279681
0.031116
0.264874
0.273443
0.012763
0.273574
0.274686
0.083626
0.263844
0.270197
-2.519380
0.266838
0.262460
-2.518339
0.270558
0.247791
-0.027107
0.278376
0.275931
-0.107729
-0.139842
0.274155
0.274787
0.271411
0.274967
0.227842
0.089743
0.261810
0.238507
-0.109012
0.277334
0.309756
0.273804
-0.005869
0.266019
0.269018
0.269024
0.012772
0.274708
0.264470
0.278946
0.271309
0.264545
0.276885
0.276769
0.275772
0.277620
0.277226
0.015889
0.092940
-2.028782
0.264198
0.264769
0.268042
0.265712
0.275315
0.265398
0.259550
0.265684
0.273389
0.264817
0.275034
0.237615
0.274720
0.308827
0.276519
-1.087508
0.302210
0.274344
0.127046
0.269727
0.276063
0.274668
0.269470
